x:-0.064275594793
y:0.00522646331641
z:0.0293113359634
